2 3
1 11
3 10
1 12
0 13
0 14
2 13
0 15
1 16
0 18
0 19
5 14
0 20
9 11
3 18
6 16
4 18
11 12
5 18
11 14
5 21
7 19
3 23
2 25
13 14
7 22
12 17
14 15
7 23
6 25
11 20
9 23
13 19
9 24
12 21
10 24
16 18
13 23
14 23
2 35
18 19
10 28
0 38
2 36
15 23
3 35
7 31
12 27
5 35
13 28
2 39
16 26
13 29
1 42
5 38
0 43
3 40
9 34
13 30
20 23
9 35
16 28
6 39
2 43
11 34
9 36
0 46
12 34
17 29
13 33
5 42
10 38
12 36
16 32
24 25
12 37
10 40
2 48
15 35
1 50
7 44
12 39
14 38
22 30
15 37
2 50
12 41
23 31
25 30
1 54
4 51
27 29
2 54
15 41
2 55
15 42
6 51
26 32
22 36
17 41
1 57
25 33
2 58
7 53
16 44
25 35
14 46
22 38
28 32
14 47
6 56
25 37
2 60
9 53
7 55
16 47
6 57
24 39
28 36
25 39
2 62
18 46
22 42
17 48
5 60
15 51
22 44
30 36
12 54
13 54
1 66
17 50
33 34
27 41
4 64
24 44
4 65
14 55
10 59
16 53
21 48
3 67
11 59
7 64
33 38
30 41
9 63
20 52
6 66
35 37
22 52
36 38
34 41
5 70
21 54
29 46
7 68
20 56
31 45
0 76
10 66
38 39
18 59
20 57
22 55
26 51
27 51
11 67
0 78
14 64
4 74
12 66
36 42
4 75
32 47
39 40
29 50
8 71
31 49
6 74
4 76
34 46
0 80
21 59
14 67
6 75
2 80
37 45
39 43
22 61
6 78
39 46
10 75
42 43
40 45
42 44
24 62
19 67
1 85
21 65
5 82
35 52
31 56
25 62
19 69
23 65
3 85
2 86
43 45
25 63
7 81
39 50
23 66
40 49
43 46
6 83
26 63
13 77
37 53
19 71
26 64
40 51
4 87
37 54
21 70
36 55
11 81
34 58
37 55
4 88
43 49
29 63
9 84
31 62
7 86
41 52
39 54
35 58
0 94
24 70
21 73
32 62
13 81
36 58
42 52
1 93
7 88
12 83
0 95
22 73
9 86
44 51
18 77
5 91
19 77
24 72
28 68
20 76
17 80
33 64
32 65
2 95
41 56
36 62
22 76
24 74
44 54
40 58
20 78
49 50
34 65
23 76
13 86
48 51
15 85
12 88
14 86
5 95
20 81
50 51
35 66
27 74
45 57
49 53
41 61
28 74
14 88
35 67
19 83
13 89
17 86
31 72
10 93
38 65
34 69
35 68
34 70
45 59
12 92
37 67
15 89
42 63
29 76
44 62
19 87
9 97
42 64
41 65
20 86
31 76
30 77
46 61
14 94
23 85
10 98
53 55
40 68
43 65
30 79
24 86
29 81
44 66
23 87
36 74
11 99
43 68
16 95
29 82
15 96
54 57
34 77
32 80
23 89
21 92
38 76
23 92
50 65
48 67
45 70
48 68
41 76
54 63
55 62
22 95
38 79
35 83
54 64
20 98
45 74
31 88
44 75
28 92
47 73
59 61
39 81
24 96
56 65
37 84
60 61
46 75
48 73
33 88
53 69
60 62
58 64
25 98
43 80
40 83
57 66
44 80
39 85
35 89
27 97
31 93
53 71
28 97
46 79
56 69
61 64
39 86
35 90
47 79
43 83
58 68
49 78
45 82
34 94
31 97
58 71
48 81
57 72
39 91
43 87
60 70
55 75
37 94
54 77
34 97
46 86
60 72
54 78
43 89
51 82
55 78
58 75
43 90
64 69
67 68
45 90
37 98
53 83
39 98
47 91
50 89
57 82
64 75
64 76
69 72
62 79
53 88
52 90
43 99
53 89
56 86
46 97
55 88
65 78
66 78
59 86
52 93
64 81
72 73
63 82
48 97
56 89
56 90
48 99
61 86
71 76
54 94
67 81
57 92
66 83
53 97
61 91
54 98
62 90
73 80
62 91
56 97
76 78
61 93
59 96
66 89
65 90
62 94
69 87
72 84
61 95
70 87
71 86
77 81
59 99
73 85
79 80
74 85
78 81
65 95
79 81
78 83
76 86
70 92
73 89
66 98
71 93
68 97
73 92
82 84
72 95
70 97
69 99
82 86
79 89
71 97
81 87
76 93
83 86
71 98
84 87
83 89
79 93
86 87
80 95
88 89
81 96
83 97
84 97
87 95
86 98
93 99
